0 0.89453125 0.7625 0.0265625 0.05277777777777778
0 0.859375 0.7486111111111111 0.0234375 0.05277777777777778
0 0.8390625 0.7430555555555556 0.0203125 0.05277777777777778
0 0.79765625 0.7277777777777777 0.009375 0.04722222222222222
0 0.77734375 0.725 0.0265625 0.041666666666666664
0 0.7546875 0.7152777777777778 0.0171875 0.041666666666666664
0 0.72421875 0.6944444444444444 0.0234375 0.06944444444444445
0 0.70078125 0.6958333333333333 0.0171875 0.04722222222222222
0 0.67578125 0.6861111111111111 0.021875 0.04722222222222222
0 0.6375 0.6694444444444444 0.01875 0.03888888888888889
0 0.59609375 0.6541666666666667 0.0203125 0.03611111111111111
0 0.56484375 0.65 0.0203125 0.041666666666666664
0 0.54609375 0.6444444444444445 0.009375 0.044444444444444446
0 0.51796875 0.6166666666666667 0.0140625 0.03611111111111111
0 0.46796875 0.6152777777777778 0.01875 0.044444444444444446
0 0.4421875 0.5888888888888889 0.015625 0.041666666666666664
0 0.4203125 0.5819444444444445 0.015625 0.041666666666666664
0 0.40859375 0.575 0.0171875 0.041666666666666664
0 0.38828125 0.5722222222222222 0.021875 0.041666666666666664
0 0.37265625 0.5638888888888889 0.021875 0.044444444444444446