0 0.9828125 0.7694444444444445 0.015625 0.044444444444444446
0 0.95625 0.7625 0.0140625 0.05
0 0.92109375 0.7472222222222222 0.028125 0.05555555555555555
0 0.89453125 0.75 0.0171875 0.05
0 0.86171875 0.7402777777777778 0.0203125 0.05
0 0.83984375 0.7347222222222223 0.01875 0.044444444444444446
0 0.8 0.7180555555555556 0.009375 0.044444444444444446
0 0.7796875 0.7125 0.028125 0.05
0 0.75703125 0.7041666666666667 0.0171875 0.05
0 0.73046875 0.6986111111111111 0.0125 0.04722222222222222
0 0.70390625 0.6902777777777778 0.0171875 0.04722222222222222
0 0.67734375 0.6833333333333333 0.01875 0.05
0 0.6359375 0.6638888888888889 0.0125 0.03333333333333333
0 0.59921875 0.6541666666666667 0.01875 0.03611111111111111
0 0.56640625 0.65 0.01875 0.041666666666666664
0 0.54765625 0.6430555555555556 0.009375 0.044444444444444446
0 0.51875 0.6166666666666667 0.015625 0.03611111111111111
0 0.47578125 0.6 0.028125 0.044444444444444446
0 0.44296875 0.5902777777777778 0.015625 0.041666666666666664
0 0.421875 0.5819444444444445 0.015625 0.044444444444444446
0 0.40234375 0.5847222222222223 0.0296875 0.05555555555555555
0 0.3734375 0.5625 0.021875 0.05