0 0.9921875 0.7083333333333334 0.0140625 0.041666666666666664
0 0.965625 0.7055555555555556 0.0125 0.04722222222222222
0 0.9296875 0.6944444444444444 0.0265625 0.05277777777777778
0 0.903125 0.7 0.015625 0.04722222222222222
0 0.8703125 0.6944444444444444 0.01875 0.04722222222222222
0 0.8484375 0.6916666666666667 0.0171875 0.041666666666666664
0 0.8078125 0.6805555555555556 0.0078125 0.044444444444444446
0 0.7875 0.6777777777777778 0.0265625 0.04722222222222222
0 0.7640625 0.6722222222222223 0.015625 0.04722222222222222
0 0.7375 0.6694444444444444 0.0109375 0.04722222222222222
0 0.7109375 0.6638888888888889 0.015625 0.044444444444444446
0 0.684375 0.6611111111111111 0.0171875 0.04722222222222222
0 0.6421875 0.6472222222222223 0.0109375 0.03333333333333333
0 0.6046875 0.6416666666666667 0.0171875 0.03333333333333333
0 0.571875 0.6416666666666667 0.0171875 0.03888888888888889
0 0.553125 0.6361111111111111 0.0078125 0.044444444444444446
0 0.5234375 0.6138888888888889 0.0140625 0.03333333333333333
0 0.4796875 0.6027777777777777 0.0265625 0.041666666666666664
0 0.446875 0.5972222222222222 0.0140625 0.03888888888888889
0 0.425 0.5916666666666667 0.0140625 0.041666666666666664
0 0.40625 0.5972222222222222 0.028125 0.05277777777777778
0 0.3765625 0.5777777777777777 0.0203125 0.04722222222222222