0 0.934375 0.7 0.03125 0.05277777777777778
0 0.90546875 0.7125 0.021875 0.04722222222222222
0 0.86796875 0.7055555555555556 0.0203125 0.04722222222222222
0 0.8453125 0.7 0.0171875 0.04722222222222222
0 0.803125 0.6902777777777778 0.015625 0.044444444444444446
0 0.7859375 0.6861111111111111 0.025 0.05
0 0.7625 0.6805555555555556 0.0171875 0.05
0 0.73125 0.6652777777777777 0.0203125 0.06944444444444445
0 0.7078125 0.6708333333333333 0.015625 0.044444444444444446
0 0.678125 0.6638888888888889 0.0140625 0.044444444444444446
0 0.640625 0.6513888888888889 0.01875 0.03611111111111111
0 0.603125 0.6444444444444445 0.015625 0.03333333333333333
0 0.5703125 0.6444444444444445 0.0171875 0.041666666666666664
0 0.5515625 0.6402777777777777 0.0078125 0.044444444444444446
0 0.525 0.6402777777777777 0.0171875 0.03611111111111111
0 0.503125 0.625 0.015625 0.041666666666666664
0 0.47734375 0.6180555555555556 0.0140625 0.03888888888888889
0 0.40859375 0.5861111111111111 0.0125 0.03888888888888889