0 0.9359375 0.6861111111111111 0.03125 0.05277777777777778
0 0.9078125 0.7 0.021875 0.04722222222222222
0 0.8703125 0.6944444444444444 0.0203125 0.04722222222222222
0 0.846875 0.6888888888888889 0.0171875 0.04722222222222222
0 0.8046875 0.6805555555555556 0.015625 0.044444444444444446
0 0.7875 0.6777777777777778 0.025 0.05
0 0.7640625 0.6722222222222223 0.0171875 0.05
0 0.7328125 0.6583333333333333 0.0203125 0.06944444444444445
0 0.709375 0.6638888888888889 0.015625 0.044444444444444446
0 0.6796875 0.6583333333333333 0.0140625 0.044444444444444446
0 0.6421875 0.6472222222222223 0.01875 0.03611111111111111
0 0.6046875 0.6416666666666667 0.015625 0.03333333333333333
0 0.571875 0.6416666666666667 0.0171875 0.041666666666666664
0 0.553125 0.6388888888888888 0.0078125 0.044444444444444446
0 0.5265625 0.6388888888888888 0.0171875 0.03611111111111111
0 0.5046875 0.625 0.015625 0.041666666666666664
0 0.478125 0.6194444444444445 0.0140625 0.03888888888888889
0 0.409375 0.5888888888888889 0.0125 0.03888888888888889