0 0.94453125 0.7166666666666667 0.0171875 0.05555555555555555
0 0.90234375 0.725 0.021875 0.05
0 0.86640625 0.7166666666666667 0.021875 0.05277777777777778
0 0.84453125 0.7097222222222223 0.021875 0.05
0 0.80390625 0.7 0.009375 0.05
0 0.78359375 0.6958333333333333 0.0265625 0.05
0 0.75859375 0.6888888888888889 0.01875 0.04722222222222222
0 0.7296875 0.6722222222222223 0.021875 0.06666666666666667
0 0.70625 0.6680555555555555 0.01875 0.06111111111111111
0 0.68125 0.6694444444444444 0.0203125 0.04722222222222222
0 0.6390625 0.6527777777777778 0.0109375 0.03333333333333333
0 0.6 0.6458333333333334 0.0171875 0.03611111111111111
0 0.56875 0.6430555555555556 0.0203125 0.041666666666666664
0 0.52109375 0.6236111111111111 0.0140625 0.022222222222222223
0 0.47734375 0.6069444444444444 0.025 0.03333333333333333
0 0.44453125 0.6 0.015625 0.025
0 0.4234375 0.5875 0.0140625 0.03888888888888889
0 0.4109375 0.5833333333333334 0.0125 0.03888888888888889
0 0.3875 0.5819444444444445 0.0171875 0.041666666666666664
0 0.3734375 0.5722222222222222 0.01875 0.044444444444444446
0 0.2953125 0.5736111111111111 0.0140625 0.03333333333333333
0 0.15390625 0.5375 0.0109375 0.030555555555555555
0 0.11328125 0.5208333333333334 0.0203125 0.03888888888888889