0 0.91484375 0.6361111111111111 0.0265625 0.05277777777777778
0 0.878125 0.6333333333333333 0.0234375 0.05277777777777778
0 0.8578125 0.6333333333333333 0.0203125 0.05277777777777778
0 0.815625 0.6319444444444444 0.009375 0.04722222222222222
0 0.7953125 0.6347222222222222 0.0265625 0.041666666666666664
0 0.771875 0.6333333333333333 0.0171875 0.041666666666666664
0 0.73984375 0.6222222222222222 0.0234375 0.06944444444444445
0 0.71640625 0.6305555555555555 0.0171875 0.04722222222222222
0 0.69140625 0.6291666666666667 0.021875 0.04722222222222222
0 0.65234375 0.6236111111111111 0.01875 0.03888888888888889
0 0.609375 0.6222222222222222 0.0203125 0.03611111111111111
0 0.578125 0.6277777777777778 0.0203125 0.041666666666666664
0 0.559375 0.6277777777777778 0.009375 0.044444444444444446
0 0.52890625 0.6097222222222223 0.0140625 0.03611111111111111
0 0.4796875 0.6236111111111111 0.01875 0.044444444444444446
0 0.4515625 0.6055555555555555 0.015625 0.041666666666666664
0 0.4296875 0.6055555555555555 0.015625 0.041666666666666664
0 0.4171875 0.6027777777777777 0.0171875 0.041666666666666664
0 0.396875 0.6055555555555555 0.021875 0.041666666666666664
0 0.38125 0.6027777777777777 0.021875 0.044444444444444446