0 0.9515625 0.6611111111111111 0.0171875 0.05555555555555555
0 0.91015625 0.675 0.021875 0.05
0 0.87421875 0.6708333333333333 0.021875 0.05277777777777778
0 0.8515625 0.6666666666666666 0.021875 0.05
0 0.8109375 0.6611111111111111 0.009375 0.05
0 0.790625 0.6597222222222222 0.0265625 0.05
0 0.765625 0.6555555555555556 0.01875 0.04722222222222222
0 0.7359375 0.6444444444444445 0.021875 0.06666666666666667
0 0.7125 0.6430555555555556 0.01875 0.06111111111111111
0 0.6875 0.6472222222222223 0.0203125 0.04722222222222222
0 0.6453125 0.6361111111111111 0.0109375 0.03333333333333333
0 0.60546875 0.6319444444444444 0.0171875 0.03611111111111111
0 0.57421875 0.6347222222222222 0.0203125 0.041666666666666664
0 0.52578125 0.6208333333333333 0.0140625 0.022222222222222223
0 0.48203125 0.6097222222222223 0.025 0.03333333333333333
0 0.44921875 0.6055555555555555 0.015625 0.025
0 0.4265625 0.5958333333333333 0.0140625 0.03888888888888889
0 0.4140625 0.5944444444444444 0.0125 0.03888888888888889
0 0.390625 0.5958333333333333 0.0171875 0.041666666666666664
0 0.3765625 0.5888888888888889 0.01875 0.044444444444444446
0 0.2984375 0.5986111111111111 0.0140625 0.03333333333333333
0 0.15625 0.5791666666666667 0.0109375 0.030555555555555555
0 0.11484375 0.5680555555555555 0.0203125 0.03888888888888889