0 0.97734375 0.7958333333333333 0.0171875 0.03888888888888889
0 0.8921875 0.775 0.0265625 0.05277777777777778
0 0.85703125 0.7625 0.0234375 0.05277777777777778
0 0.83359375 0.7555555555555555 0.0203125 0.05
0 0.790625 0.7361111111111112 0.01875 0.05
0 0.77578125 0.7305555555555555 0.0265625 0.04722222222222222
0 0.75234375 0.7236111111111111 0.01875 0.04722222222222222
0 0.72265625 0.6986111111111111 0.025 0.075
0 0.69921875 0.6930555555555555 0.01875 0.06111111111111111
0 0.66953125 0.6902777777777778 0.0171875 0.05
0 0.6328125 0.6722222222222223 0.021875 0.03611111111111111
0 0.59609375 0.6597222222222222 0.01875 0.03888888888888889
0 0.56328125 0.6513888888888889 0.0203125 0.044444444444444446
0 0.54453125 0.6458333333333334 0.0109375 0.044444444444444446
0 0.51875 0.6402777777777777 0.0203125 0.044444444444444446
0 0.49609375 0.6222222222222222 0.0171875 0.03611111111111111
0 0.46328125 0.6111111111111112 0.015625 0.03611111111111111
0 0.4375 0.6027777777777777 0.021875 0.041666666666666664
0 0.4046875 0.5722222222222222 0.0171875 0.041666666666666664