0 0.9484375 0.6888888888888889 0.015625 0.05555555555555555
0 0.90625 0.7 0.0203125 0.05
0 0.8703125 0.6944444444444444 0.0203125 0.05277777777777778
0 0.8484375 0.6888888888888889 0.0203125 0.05
0 0.8078125 0.6805555555555556 0.0078125 0.05
0 0.7875 0.6777777777777778 0.025 0.04722222222222222
0 0.7625 0.6722222222222223 0.0171875 0.04722222222222222
0 0.7328125 0.6583333333333333 0.0203125 0.06666666666666667
0 0.709375 0.6555555555555556 0.0171875 0.06111111111111111
0 0.684375 0.6583333333333333 0.01875 0.04722222222222222
0 0.6421875 0.6444444444444445 0.0109375 0.03333333333333333
0 0.603125 0.6388888888888888 0.0171875 0.03611111111111111
0 0.571875 0.6388888888888888 0.01875 0.041666666666666664
0 0.5234375 0.6222222222222222 0.0140625 0.022222222222222223
0 0.4796875 0.6083333333333333 0.025 0.030555555555555555
0 0.446875 0.6027777777777777 0.015625 0.025
0 0.425 0.5916666666666667 0.0140625 0.03888888888888889
0 0.4125 0.5888888888888889 0.0125 0.03888888888888889
0 0.3890625 0.5888888888888889 0.015625 0.041666666666666664
0 0.375 0.5805555555555556 0.0171875 0.044444444444444446
0 0.296875 0.5861111111111111 0.0140625 0.03333333333333333
0 0.1546875 0.5583333333333333 0.0109375 0.030555555555555555
0 0.1140625 0.5444444444444444 0.0203125 0.03888888888888889