0 0.24765625 0.6027777777777777 0.025 0.05555555555555555
0 0.4140625 0.6 0.015625 0.04722222222222222
0 0.3984375 0.6 0.0203125 0.044444444444444446
0 0.38203125 0.5847222222222223 0.01875 0.025
0 0.4921875 0.6236111111111111 0.021875 0.044444444444444446
0 0.515625 0.6263888888888889 0.0203125 0.04722222222222222
0 0.52734375 0.6097222222222223 0.0140625 0.03888888888888889
0 0.5390625 0.6305555555555555 0.0078125 0.03888888888888889
0 0.559375 0.6305555555555555 0.009375 0.044444444444444446
0 0.578125 0.6277777777777778 0.0203125 0.044444444444444446
0 0.6109375 0.625 0.01875 0.03611111111111111
0 0.64921875 0.625 0.0203125 0.03888888888888889
0 0.68671875 0.6305555555555555 0.015625 0.04722222222222222
0 0.71640625 0.6277777777777778 0.015625 0.05
0 0.73984375 0.6194444444444445 0.0234375 0.07222222222222222
0 0.771875 0.6305555555555555 0.0171875 0.05
0 0.7953125 0.6347222222222222 0.0265625 0.04722222222222222
0 0.8125 0.6333333333333333 0.015625 0.05
0 0.85625 0.6347222222222222 0.021875 0.04722222222222222
0 0.878125 0.6361111111111111 0.021875 0.05
0 0.91484375 0.6361111111111111 0.021875 0.05