0 0.8953125 0.7597222222222222 0.025 0.05555555555555555
0 0.859375 0.7513888888888889 0.0234375 0.05277777777777778
0 0.8390625 0.7458333333333333 0.01875 0.05
0 0.79765625 0.7277777777777777 0.009375 0.044444444444444446
0 0.77734375 0.7222222222222222 0.0265625 0.05
0 0.7546875 0.7125 0.0171875 0.05
0 0.72421875 0.6916666666666667 0.0234375 0.075
0 0.70078125 0.6875 0.01875 0.06666666666666667
0 0.675 0.6805555555555556 0.0203125 0.058333333333333334
0 0.634375 0.6652777777777777 0.0109375 0.03333333333333333
0 0.59609375 0.6541666666666667 0.01875 0.03888888888888889
0 0.56328125 0.6513888888888889 0.0171875 0.041666666666666664
0 0.54609375 0.6444444444444445 0.009375 0.044444444444444446
0 0.51796875 0.6166666666666667 0.015625 0.03611111111111111
0 0.475 0.5986111111111111 0.0265625 0.04722222222222222
0 0.4421875 0.5888888888888889 0.015625 0.041666666666666664
0 0.42109375 0.5791666666666667 0.015625 0.044444444444444446
0 0.40859375 0.575 0.0171875 0.04722222222222222
0 0.38515625 0.5708333333333333 0.0171875 0.041666666666666664
0 0.37265625 0.5638888888888889 0.01875 0.04722222222222222
0 0.33828125 0.5638888888888889 0.021875 0.06111111111111111
0 0.1046875 0.475 0.03125 0.05555555555555555
0 0.0578125 0.4625 0.01875 0.058333333333333334