0 0.91015625 0.675 0.025 0.05277777777777778
0 0.87421875 0.6680555555555555 0.021875 0.04722222222222222
0 0.85 0.6666666666666666 0.0203125 0.044444444444444446
0 0.8078125 0.6611111111111111 0.0171875 0.05
0 0.790625 0.6597222222222222 0.0265625 0.04722222222222222
0 0.7671875 0.6555555555555556 0.0171875 0.044444444444444446
0 0.7359375 0.6416666666666667 0.021875 0.07222222222222222
0 0.7125 0.6458333333333334 0.0171875 0.05277777777777778
0 0.6828125 0.6472222222222223 0.015625 0.044444444444444446
0 0.6453125 0.6361111111111111 0.01875 0.03611111111111111
0 0.60546875 0.6347222222222222 0.0171875 0.03611111111111111
0 0.57421875 0.6347222222222222 0.0203125 0.041666666666666664
0 0.52890625 0.6319444444444444 0.01875 0.044444444444444446
0 0.55546875 0.6361111111111111 0.009375 0.044444444444444446
0 0.51328125 0.6263888888888889 0.01875 0.030555555555555555
0 0.47734375 0.6152777777777778 0.0140625 0.027777777777777776
0 0.44921875 0.6194444444444445 0.0125 0.03333333333333333
0 0.42578125 0.6180555555555556 0.015625 0.03888888888888889
0 0.4109375 0.5972222222222222 0.0125 0.03611111111111111