0 0.88984375 0.7833333333333333 0.025 0.058333333333333334
0 0.85390625 0.7736111111111111 0.0234375 0.05277777777777778
0 0.834375 0.7666666666666667 0.0203125 0.05
0 0.79296875 0.7458333333333333 0.0109375 0.044444444444444446
0 0.7734375 0.7388888888888889 0.028125 0.05277777777777778
0 0.75 0.7277777777777777 0.01875 0.05
0 0.7203125 0.7041666666666667 0.025 0.075
0 0.696875 0.7 0.0203125 0.06666666666666667
0 0.67109375 0.6916666666666667 0.0203125 0.058333333333333334
0 0.63125 0.6736111111111112 0.0109375 0.03611111111111111
0 0.59296875 0.6597222222222222 0.0203125 0.03888888888888889
0 0.56015625 0.6555555555555556 0.01875 0.041666666666666664
0 0.54375 0.6472222222222223 0.0109375 0.044444444444444446
0 0.515625 0.6180555555555556 0.015625 0.03611111111111111
0 0.47265625 0.5972222222222222 0.028125 0.05
0 0.440625 0.5847222222222223 0.0171875 0.041666666666666664
0 0.41953125 0.575 0.0171875 0.044444444444444446
0 0.40703125 0.5694444444444444 0.01875 0.04722222222222222
0 0.38359375 0.5638888888888889 0.01875 0.041666666666666664
0 0.371875 0.5555555555555556 0.0203125 0.04722222222222222
0 0.3375 0.5541666666666667 0.021875 0.06111111111111111
0 0.10546875 0.45 0.03125 0.05555555555555555
0 0.059375 0.43472222222222223 0.01875 0.058333333333333334