0 0.925 0.7527777777777778 0.034375 0.058333333333333334
0 0.89609375 0.7625 0.0234375 0.05
0 0.859375 0.7513888888888889 0.021875 0.05
0 0.8359375 0.7416666666666667 0.01875 0.05
0 0.79453125 0.7263888888888889 0.0171875 0.04722222222222222
0 0.77734375 0.7222222222222222 0.028125 0.05277777777777778
0 0.7546875 0.7125 0.0203125 0.05277777777777778
0 0.72421875 0.6944444444444444 0.0234375 0.07222222222222222
0 0.70078125 0.6958333333333333 0.0171875 0.04722222222222222
0 0.67109375 0.6861111111111111 0.015625 0.04722222222222222
0 0.634375 0.6680555555555555 0.0203125 0.03888888888888889
0 0.59765625 0.6569444444444444 0.0171875 0.03611111111111111
0 0.56484375 0.6527777777777778 0.01875 0.044444444444444446
0 0.54609375 0.6472222222222223 0.009375 0.044444444444444446
0 0.51953125 0.6430555555555556 0.01875 0.03888888888888889
0 0.4984375 0.625 0.0171875 0.044444444444444446
0 0.47265625 0.6152777777777778 0.015625 0.041666666666666664
0 0.40546875 0.575 0.0140625 0.041666666666666664