0 0.90625 0.7 0.0234375 0.05
0 0.8703125 0.6916666666666667 0.0203125 0.05
0 0.85 0.6888888888888889 0.0171875 0.05
0 0.8078125 0.6805555555555556 0.0078125 0.04722222222222222
0 0.7875 0.6805555555555556 0.025 0.03888888888888889
0 0.7640625 0.675 0.015625 0.03888888888888889
0 0.7328125 0.6583333333333333 0.0203125 0.06666666666666667
0 0.709375 0.6638888888888889 0.015625 0.044444444444444446
0 0.684375 0.6583333333333333 0.0203125 0.044444444444444446
0 0.6453125 0.6472222222222223 0.0171875 0.03611111111111111
0 0.603125 0.6388888888888888 0.01875 0.03333333333333333
0 0.571875 0.6388888888888888 0.01875 0.03888888888888889
0 0.553125 0.6361111111111111 0.0078125 0.044444444444444446
0 0.5234375 0.6138888888888889 0.0125 0.03333333333333333
0 0.4734375 0.6194444444444445 0.0171875 0.041666666666666664
0 0.446875 0.5972222222222222 0.0140625 0.03888888888888889
0 0.425 0.5944444444444444 0.0140625 0.03888888888888889
0 0.4125 0.5888888888888889 0.015625 0.03888888888888889
0 0.3921875 0.5888888888888889 0.0203125 0.03888888888888889
0 0.3765625 0.5833333333333334 0.0203125 0.041666666666666664