0 0.91171875 0.6625 0.025 0.05277777777777778
0 0.87578125 0.6569444444444444 0.021875 0.05
0 0.85234375 0.6569444444444444 0.0203125 0.04722222222222222
0 0.809375 0.6513888888888889 0.0171875 0.05
0 0.7921875 0.6513888888888889 0.0265625 0.04722222222222222
0 0.76875 0.6472222222222223 0.0171875 0.04722222222222222
0 0.73671875 0.6333333333333333 0.021875 0.075
0 0.7140625 0.6388888888888888 0.0171875 0.05277777777777778
0 0.684375 0.6416666666666667 0.015625 0.044444444444444446
0 0.64609375 0.6305555555555555 0.0203125 0.03888888888888889
0 0.60703125 0.6319444444444444 0.01875 0.03888888888888889
0 0.57578125 0.6319444444444444 0.0203125 0.044444444444444446
0 0.53046875 0.6305555555555555 0.01875 0.04722222222222222
0 0.55703125 0.6333333333333333 0.009375 0.044444444444444446
0 0.51484375 0.6263888888888889 0.0203125 0.03333333333333333
0 0.478125 0.6166666666666667 0.015625 0.027777777777777776
0 0.45 0.6208333333333333 0.0140625 0.03333333333333333
0 0.4265625 0.6208333333333333 0.0171875 0.041666666666666664
0 0.4125 0.6 0.0140625 0.03611111111111111