0 0.97421875 0.8138888888888889 0.0171875 0.044444444444444446
0 0.9484375 0.8055555555555556 0.015625 0.05
0 0.91328125 0.7861111111111111 0.0296875 0.058333333333333334
0 0.88671875 0.7861111111111111 0.01875 0.05
0 0.85390625 0.7736111111111111 0.021875 0.05
0 0.8328125 0.7652777777777777 0.0203125 0.044444444444444446
0 0.79296875 0.7458333333333333 0.0109375 0.044444444444444446
0 0.7734375 0.7388888888888889 0.0296875 0.05277777777777778
0 0.75 0.7277777777777777 0.01875 0.05
0 0.72421875 0.7194444444444444 0.0140625 0.05
0 0.6984375 0.7083333333333334 0.01875 0.04722222222222222
0 0.671875 0.7 0.0203125 0.05
0 0.63125 0.6763888888888889 0.0125 0.03611111111111111
0 0.59453125 0.6638888888888889 0.01875 0.03611111111111111
0 0.56171875 0.6555555555555556 0.0203125 0.041666666666666664
0 0.54375 0.6472222222222223 0.0109375 0.044444444444444446
0 0.515625 0.6180555555555556 0.015625 0.03611111111111111
0 0.47265625 0.5972222222222222 0.0296875 0.04722222222222222
0 0.440625 0.5847222222222223 0.0171875 0.041666666666666664
0 0.41953125 0.575 0.0171875 0.044444444444444446
0 0.4 0.5763888888888888 0.03125 0.058333333333333334
0 0.371875 0.55 0.0234375 0.05