0 0.91640625 0.6486111111111111 0.015625 0.05277777777777778
0 0.87578125 0.6486111111111111 0.021875 0.05277777777777778
0 0.853125 0.6458333333333334 0.015625 0.05
0 0.8109375 0.6416666666666667 0.0140625 0.05
0 0.796875 0.6416666666666667 0.0171875 0.05277777777777778
0 0.7625 0.6402777777777777 0.021875 0.05
0 0.7359375 0.6375 0.01875 0.04722222222222222
0 0.71015625 0.6347222222222222 0.025 0.05
0 0.67109375 0.6319444444444444 0.0140625 0.041666666666666664
0 0.64921875 0.6291666666666667 0.015625 0.03611111111111111
0 0.62734375 0.6263888888888889 0.0171875 0.03611111111111111
0 0.60078125 0.6263888888888889 0.0203125 0.041666666666666664
0 0.57890625 0.6291666666666667 0.0140625 0.04722222222222222
0 0.52265625 0.6277777777777778 0.0203125 0.044444444444444446
0 0.5046875 0.6277777777777778 0.0171875 0.044444444444444446
0 0.4625 0.625 0.01875 0.044444444444444446
0 0.4453125 0.6236111111111111 0.0171875 0.04722222222222222
0 0.4296875 0.625 0.01875 0.044444444444444446
0 0.40546875 0.6069444444444444 0.0203125 0.07222222222222222
0 0.3875 0.6194444444444445 0.0125 0.041666666666666664
0 0.36875 0.6194444444444445 0.015625 0.044444444444444446
0 0.33828125 0.6180555555555556 0.01875 0.05
0 0.32578125 0.6166666666666667 0.0125 0.03888888888888889
0 0.30703125 0.6180555555555556 0.01875 0.041666666666666664
0 0.28984375 0.6152777777777778 0.021875 0.03611111111111111
0 0.25703125 0.6166666666666667 0.01875 0.041666666666666664
0 0.23671875 0.6083333333333333 0.01875 0.03611111111111111
0 0.2015625 0.6069444444444444 0.0171875 0.03611111111111111
0 0.175 0.6069444444444444 0.015625 0.041666666666666664
0 0.1625 0.6055555555555555 0.01875 0.03888888888888889
0 0.11875 0.6027777777777777 0.0125 0.03611111111111111
0 0.096875 0.6027777777777777 0.01875 0.044444444444444446
0 0.0828125 0.6013888888888889 0.0140625 0.041666666666666664
0 0.0703125 0.6013888888888889 0.0140625 0.03333333333333333