0 0.909375 0.7 0.0140625 0.05
0 0.86875 0.6944444444444444 0.0203125 0.05
0 0.846875 0.6888888888888889 0.0140625 0.04722222222222222
0 0.8046875 0.6805555555555556 0.0125 0.04722222222222222
0 0.790625 0.6777777777777778 0.015625 0.05
0 0.75625 0.6722222222222223 0.0203125 0.04722222222222222
0 0.7296875 0.6666666666666666 0.0171875 0.044444444444444446
0 0.7046875 0.6611111111111111 0.0234375 0.04722222222222222
0 0.665625 0.6527777777777778 0.0125 0.03888888888888889
0 0.64375 0.6472222222222223 0.0140625 0.03333333333333333
0 0.621875 0.6416666666666667 0.015625 0.03333333333333333
0 0.5953125 0.6388888888888888 0.01875 0.03888888888888889
0 0.5734375 0.6388888888888888 0.0125 0.044444444444444446
0 0.5171875 0.6305555555555555 0.01875 0.041666666666666664
0 0.5 0.6277777777777778 0.015625 0.041666666666666664
0 0.4578125 0.6194444444444445 0.0171875 0.041666666666666664
0 0.440625 0.6166666666666667 0.015625 0.044444444444444446
0 0.425 0.6166666666666667 0.0171875 0.041666666666666664
0 0.4015625 0.5944444444444444 0.0171875 0.06944444444444445
0 0.3828125 0.6055555555555555 0.0109375 0.041666666666666664
0 0.3640625 0.6027777777777777 0.0140625 0.041666666666666664
0 0.334375 0.5972222222222222 0.0171875 0.04722222222222222
0 0.321875 0.5944444444444444 0.0109375 0.03888888888888889
0 0.303125 0.5944444444444444 0.0171875 0.03888888888888889
0 0.2859375 0.5888888888888889 0.0203125 0.03333333333333333
0 0.253125 0.5861111111111111 0.0171875 0.03888888888888889
0 0.2328125 0.575 0.0171875 0.03333333333333333
0 0.1984375 0.5694444444444444 0.015625 0.03333333333333333
0 0.171875 0.5666666666666667 0.0140625 0.03888888888888889
0 0.159375 0.5638888888888889 0.0171875 0.03611111111111111
0 0.115625 0.5555555555555556 0.0109375 0.03611111111111111
0 0.09375 0.5527777777777778 0.0171875 0.041666666666666664
0 0.0796875 0.55 0.0125 0.03888888888888889
0 0.0671875 0.5472222222222223 0.0125 0.030555555555555555