0 0.74453125 0.5972222222222222 0.028125 0.06388888888888888
0 0.72265625 0.6013888888888889 0.01875 0.041666666666666664
0 0.66640625 0.6 0.015625 0.04722222222222222
0 0.64453125 0.6069444444444444 0.028125 0.06388888888888888
0 0.6 0.6180555555555556 0.028125 0.05277777777777778
0 0.5078125 0.6069444444444444 0.0296875 0.075
0 0.475 0.6055555555555555 0.0234375 0.06666666666666667
0 0.4421875 0.6083333333333333 0.0265625 0.06666666666666667
0 0.3875 0.6111111111111112 0.01875 0.06944444444444445
0 0.3546875 0.6138888888888889 0.01875 0.06944444444444445
0 0.3109375 0.6305555555555555 0.01875 0.03611111111111111
0 0.2484375 0.6083333333333333 0.025 0.05555555555555555
0 0.215625 0.6055555555555555 0.01875 0.05555555555555555
0 0.184375 0.6125 0.015625 0.06388888888888888
0 0.1578125 0.6111111111111112 0.0109375 0.058333333333333334
0 0.16875 0.6069444444444444 0.0234375 0.058333333333333334