0 0.91484375 0.6486111111111111 0.0171875 0.05555555555555555
0 0.846875 0.6458333333333334 0.01875 0.05277777777777778
0 0.8109375 0.6416666666666667 0.015625 0.05
0 0.7953125 0.6416666666666667 0.0171875 0.05
0 0.7625 0.6430555555555556 0.0203125 0.05
0 0.7359375 0.6375 0.01875 0.05
0 0.7109375 0.6375 0.021875 0.05
0 0.64921875 0.6291666666666667 0.0140625 0.03888888888888889
0 0.66953125 0.6319444444444444 0.0125 0.03888888888888889
0 0.62890625 0.6263888888888889 0.015625 0.03611111111111111
0 0.60234375 0.6291666666666667 0.0203125 0.03888888888888889
0 0.58203125 0.6291666666666667 0.0140625 0.041666666666666664
0 0.52265625 0.6277777777777778 0.0203125 0.04722222222222222
0 0.5046875 0.6277777777777778 0.015625 0.04722222222222222
0 0.4640625 0.6263888888888889 0.0171875 0.04722222222222222
0 0.44375 0.6263888888888889 0.0171875 0.04722222222222222
0 0.4296875 0.6222222222222222 0.01875 0.04722222222222222
0 0.3890625 0.6194444444444445 0.0125 0.041666666666666664
0 0.36875 0.6194444444444445 0.015625 0.044444444444444446
0 0.33984375 0.6111111111111112 0.0171875 0.05555555555555555
0 0.32578125 0.6166666666666667 0.0109375 0.03888888888888889
0 0.30703125 0.6180555555555556 0.01875 0.044444444444444446
0 0.28984375 0.6180555555555556 0.021875 0.03611111111111111
0 0.25859375 0.6138888888888889 0.015625 0.03888888888888889
0 0.23828125 0.6083333333333333 0.0171875 0.03611111111111111
0 0.2015625 0.6069444444444444 0.015625 0.03333333333333333
0 0.1765625 0.6069444444444444 0.015625 0.041666666666666664
0 0.1625 0.6055555555555555 0.0171875 0.03888888888888889
0 0.1203125 0.6055555555555555 0.015625 0.03888888888888889
0 0.09375 0.6027777777777777 0.0140625 0.03888888888888889
0 0.08125 0.6027777777777777 0.0140625 0.041666666666666664
0 0.071875 0.6 0.0125 0.03611111111111111