0 0.7375 0.6416666666666667 0.025 0.058333333333333334
0 0.715625 0.6416666666666667 0.0171875 0.03888888888888889
0 0.659375 0.6305555555555555 0.0125 0.044444444444444446
0 0.6375 0.6333333333333333 0.025 0.058333333333333334
0 0.5921875 0.6361111111111111 0.025 0.04722222222222222
0 0.5015625 0.6083333333333333 0.025 0.06944444444444445
0 0.46875 0.6 0.0203125 0.06388888888888888
0 0.4359375 0.5972222222222222 0.0234375 0.06388888888888888
0 0.38125 0.5888888888888889 0.015625 0.06666666666666667
0 0.3484375 0.5861111111111111 0.015625 0.06666666666666667
0 0.3046875 0.5944444444444444 0.0171875 0.03333333333333333
0 0.24375 0.5611111111111111 0.021875 0.05277777777777778
0 0.2109375 0.5527777777777778 0.015625 0.05277777777777778
0 0.1796875 0.5527777777777778 0.0125 0.06111111111111111
0 0.153125 0.5472222222222223 0.0078125 0.058333333333333334
0 0.1640625 0.5444444444444444 0.0203125 0.05555555555555555