0 0.88984375 0.7861111111111111 0.0140625 0.04722222222222222
0 0.8265625 0.7611111111111111 0.021875 0.05277777777777778
0 0.78984375 0.7458333333333333 0.0171875 0.04722222222222222
0 0.775 0.7388888888888889 0.01875 0.05
0 0.74375 0.7263888888888889 0.0234375 0.05
0 0.71640625 0.7152777777777778 0.0203125 0.05
0 0.6921875 0.7069444444444445 0.025 0.05277777777777778
0 0.6328125 0.6777777777777778 0.0140625 0.03611111111111111
0 0.6125 0.6666666666666666 0.0171875 0.03611111111111111
0 0.58671875 0.6611111111111111 0.0203125 0.03611111111111111
0 0.56640625 0.6541666666666667 0.0140625 0.041666666666666664
0 0.5078125 0.6361111111111111 0.021875 0.04722222222222222
0 0.49140625 0.6291666666666667 0.0171875 0.041666666666666664
0 0.45 0.6125 0.01875 0.044444444444444446
0 0.4765625 0.6152777777777778 0.0140625 0.03611111111111111
0 0.4328125 0.6027777777777777 0.01875 0.04722222222222222
0 0.4171875 0.6 0.01875 0.044444444444444446
0 0.3765625 0.5791666666666667 0.0140625 0.044444444444444446
0 0.35625 0.5722222222222222 0.01875 0.044444444444444446
0 0.33125 0.5555555555555556 0.0203125 0.058333333333333334
0 0.3171875 0.5472222222222223 0.0140625 0.05277777777777778
0 0.2984375 0.5513888888888889 0.0203125 0.044444444444444446
0 0.28125 0.5416666666666666 0.0234375 0.041666666666666664
0 0.24921875 0.5291666666666667 0.01875 0.041666666666666664
0 0.23125 0.5166666666666667 0.0171875 0.03333333333333333
0 0.19609375 0.5041666666666667 0.015625 0.03611111111111111
0 0.17109375 0.4986111111111111 0.0171875 0.044444444444444446
0 0.1578125 0.49027777777777776 0.0171875 0.03888888888888889
0 0.11484375 0.4722222222222222 0.0171875 0.041666666666666664
0 0.08984375 0.4638888888888889 0.0140625 0.044444444444444446
0 0.0796875 0.4583333333333333 0.0171875 0.041666666666666664
0 0.0671875 0.4527777777777778 0.0140625 0.03888888888888889
0 0.05078125 0.4388888888888889 0.015625 0.025