0 0.89453125 0.7625 0.0125 0.04722222222222222
0 0.83125 0.7416666666666667 0.021875 0.05277777777777778
0 0.79453125 0.7263888888888889 0.015625 0.04722222222222222
0 0.77890625 0.7222222222222222 0.0171875 0.05
0 0.7484375 0.7111111111111111 0.021875 0.05
0 0.7203125 0.7013888888888888 0.01875 0.05
0 0.69609375 0.6944444444444444 0.0234375 0.05
0 0.6359375 0.6694444444444444 0.0140625 0.03611111111111111
0 0.61640625 0.6597222222222222 0.0171875 0.03611111111111111
0 0.58984375 0.6555555555555556 0.0203125 0.03611111111111111
0 0.56953125 0.65 0.0125 0.041666666666666664
0 0.5109375 0.6361111111111111 0.0203125 0.04722222222222222
0 0.49375 0.6305555555555555 0.015625 0.041666666666666664
0 0.45234375 0.6152777777777778 0.0171875 0.044444444444444446
0 0.47890625 0.6166666666666667 0.0140625 0.03611111111111111
0 0.43515625 0.6069444444444444 0.0171875 0.04722222222222222
0 0.41953125 0.6041666666666666 0.0171875 0.044444444444444446
0 0.378125 0.5875 0.0125 0.044444444444444446
0 0.3578125 0.5805555555555556 0.0171875 0.044444444444444446
0 0.33203125 0.5652777777777778 0.0203125 0.058333333333333334
0 0.31796875 0.5583333333333333 0.0140625 0.05277777777777778
0 0.29921875 0.5638888888888889 0.01875 0.044444444444444446
0 0.28203125 0.5555555555555556 0.021875 0.041666666666666664
0 0.25 0.5444444444444444 0.0171875 0.041666666666666664
0 0.23203125 0.5333333333333333 0.0171875 0.03333333333333333
0 0.19609375 0.5222222222222223 0.015625 0.03611111111111111
0 0.17109375 0.5180555555555556 0.015625 0.044444444444444446
0 0.1578125 0.5111111111111111 0.015625 0.03888888888888889
0 0.1140625 0.49583333333333335 0.015625 0.041666666666666664
0 0.08984375 0.4888888888888889 0.0125 0.044444444444444446
0 0.07890625 0.4847222222222222 0.015625 0.041666666666666664
0 0.06640625 0.48055555555555557 0.0125 0.03888888888888889
0 0.05 0.4666666666666667 0.015625 0.025