0 0.978125 0.7791666666666667 0.01875 0.06666666666666667
0 0.9359375 0.7736111111111111 0.0421875 0.06388888888888888
0 0.8921875 0.775 0.0265625 0.05
0 0.86640625 0.7638888888888888 0.0375 0.05277777777777778
0 0.77265625 0.7291666666666666 0.0234375 0.05
0 0.7921875 0.7361111111111112 0.0171875 0.04722222222222222
0 0.75234375 0.7208333333333333 0.01875 0.05
0 0.7296875 0.7138888888888889 0.01875 0.05
0 0.7046875 0.7027777777777777 0.028125 0.05
0 0.67734375 0.6944444444444444 0.0171875 0.05
0 0.65546875 0.6833333333333333 0.0125 0.03888888888888889
0 0.634375 0.6736111111111112 0.015625 0.03888888888888889
0 0.59921875 0.6611111111111111 0.0203125 0.03611111111111111
0 0.57421875 0.6541666666666667 0.021875 0.041666666666666664
0 0.5234375 0.6388888888888888 0.0109375 0.044444444444444446
0 0.5125 0.6333333333333333 0.021875 0.04722222222222222
0 0.4890625 0.6263888888888889 0.0203125 0.04722222222222222
0 0.44921875 0.6138888888888889 0.021875 0.044444444444444446
0 0.4265625 0.6041666666666666 0.01875 0.04722222222222222
0 0.33984375 0.5513888888888889 0.015625 0.041666666666666664
0 0.31953125 0.55 0.0140625 0.03888888888888889
0 0.29921875 0.5513888888888889 0.0140625 0.030555555555555555
0 0.28359375 0.5486111111111112 0.01875 0.03888888888888889
0 0.26171875 0.5416666666666666 0.0203125 0.044444444444444446
0 0.24765625 0.5361111111111111 0.015625 0.044444444444444446
0 0.23125 0.5305555555555556 0.01875 0.044444444444444446
0 0.2140625 0.5222222222222223 0.021875 0.044444444444444446
0 0.17421875 0.5083333333333333 0.0203125 0.044444444444444446
0 0.11640625 0.4791666666666667 0.015625 0.03333333333333333