0 0.9125 0.6972222222222222 0.0171875 0.041666666666666664
0 0.8875 0.6944444444444444 0.025 0.05
0 0.778125 0.6555555555555556 0.0421875 0.06944444444444445
0 0.8203125 0.6611111111111111 0.03125 0.058333333333333334
0 0.7328125 0.6416666666666667 0.0171875 0.06111111111111111
0 0.7109375 0.6361111111111111 0.0234375 0.05
0 0.653125 0.6277777777777778 0.025 0.05277777777777778
0 0.6109375 0.6222222222222222 0.025 0.05
0 0.5703125 0.6138888888888889 0.01875 0.04722222222222222
0 0.521875 0.6083333333333333 0.0171875 0.058333333333333334
0 0.4890625 0.6 0.01875 0.044444444444444446
0 0.365625 0.5944444444444444 0.0234375 0.05
0 0.3796875 0.5888888888888889 0.0203125 0.05555555555555555
0 0.4 0.5861111111111111 0.0125 0.04722222222222222
0 0.4484375 0.6027777777777777 0.034375 0.07222222222222222
0 0.296875 0.5888888888888889 0.01875 0.03611111111111111
0 0.309375 0.5888888888888889 0.0125 0.030555555555555555
0 0.26875 0.5833333333333334 0.0171875 0.041666666666666664
0 0.18125 0.5527777777777778 0.0078125 0.06388888888888888
0 0.1703125 0.5416666666666666 0.01875 0.05
0 0.1140625 0.5444444444444444 0.01875 0.058333333333333334
0 0.0765625 0.5388888888888889 0.0203125 0.05555555555555555
0 0.09375 0.5388888888888889 0.0046875 0.04722222222222222
0 0.034375 0.5194444444444445 0.0125 0.04722222222222222