0 0.90703125 0.7125 0.0140625 0.05
0 0.86640625 0.7055555555555556 0.0203125 0.05
0 0.8453125 0.7 0.0140625 0.04722222222222222
0 0.803125 0.6902777777777778 0.0125 0.04722222222222222
0 0.7890625 0.6861111111111111 0.015625 0.05
0 0.7546875 0.6805555555555556 0.0203125 0.04722222222222222
0 0.728125 0.6736111111111112 0.0171875 0.044444444444444446
0 0.703125 0.6680555555555555 0.0234375 0.04722222222222222
0 0.6640625 0.6583333333333333 0.0125 0.03888888888888889
0 0.6421875 0.6513888888888889 0.0140625 0.03333333333333333
0 0.6203125 0.6458333333333334 0.015625 0.03333333333333333
0 0.59375 0.6416666666666667 0.01875 0.03888888888888889
0 0.571875 0.6416666666666667 0.0125 0.044444444444444446
0 0.515625 0.6305555555555555 0.01875 0.041666666666666664
0 0.4984375 0.6277777777777778 0.015625 0.041666666666666664
0 0.45703125 0.6180555555555556 0.0171875 0.041666666666666664
0 0.43984375 0.6152777777777778 0.015625 0.044444444444444446
0 0.42421875 0.6138888888888889 0.0171875 0.041666666666666664
0 0.40078125 0.5916666666666667 0.0171875 0.06944444444444445
0 0.38203125 0.6013888888888889 0.0109375 0.041666666666666664
0 0.36328125 0.5986111111111111 0.0140625 0.041666666666666664
0 0.33359375 0.5916666666666667 0.0171875 0.04722222222222222
0 0.32109375 0.5888888888888889 0.0109375 0.03888888888888889
0 0.30234375 0.5888888888888889 0.0171875 0.03888888888888889
0 0.28515625 0.5819444444444445 0.0203125 0.03333333333333333
0 0.25234375 0.5777777777777777 0.0171875 0.03888888888888889
0 0.23203125 0.5666666666666667 0.0171875 0.03333333333333333
0 0.19765625 0.5597222222222222 0.015625 0.03333333333333333
0 0.17109375 0.5569444444444445 0.0140625 0.03888888888888889
0 0.15859375 0.5527777777777778 0.0171875 0.03611111111111111
0 0.11484375 0.5430555555555555 0.0109375 0.03611111111111111
0 0.09296875 0.5402777777777777 0.0171875 0.041666666666666664
0 0.07890625 0.5375 0.0125 0.03888888888888889
0 0.06640625 0.5333333333333333 0.0125 0.030555555555555555