0 0.89375 0.7777777777777778 0.01875 0.05277777777777778
0 0.83046875 0.7513888888888889 0.0171875 0.05277777777777778
0 0.85390625 0.7583333333333333 0.021875 0.05277777777777778
0 0.7921875 0.7361111111111112 0.0171875 0.05
0 0.77421875 0.7305555555555555 0.0265625 0.05
0 0.74453125 0.7194444444444444 0.021875 0.05277777777777778
0 0.71875 0.7083333333333334 0.0203125 0.05
0 0.69375 0.6986111111111111 0.025 0.05
0 0.65625 0.6805555555555556 0.0109375 0.03888888888888889
0 0.634375 0.6736111111111112 0.0140625 0.03333333333333333
0 0.6140625 0.6638888888888889 0.0140625 0.03333333333333333
0 0.4171875 0.5986111111111111 0.0203125 0.044444444444444446
0 0.396875 0.575 0.025 0.06944444444444445
0 0.37890625 0.575 0.015625 0.06388888888888888
0 0.35859375 0.5736111111111111 0.01875 0.05
0 0.33125 0.5666666666666667 0.0203125 0.04722222222222222
0 0.3171875 0.5611111111111111 0.0125 0.041666666666666664
0 0.2984375 0.5569444444444445 0.0203125 0.044444444444444446
0 0.28203125 0.5486111111111112 0.0234375 0.041666666666666664
0 0.25078125 0.5402777777777777 0.015625 0.041666666666666664
0 0.19609375 0.5125 0.015625 0.03611111111111111
0 0.17109375 0.5083333333333333 0.0171875 0.044444444444444446
0 0.1578125 0.5 0.01875 0.03888888888888889
0 0.11484375 0.48333333333333334 0.0140625 0.03888888888888889
0 0.08984375 0.47638888888888886 0.015625 0.044444444444444446
0 0.07890625 0.475 0.015625 0.03888888888888889
0 0.06796875 0.4666666666666667 0.0140625 0.03888888888888889