0 0.7359375 0.6486111111111111 0.025 0.058333333333333334
0 0.7140625 0.6486111111111111 0.0171875 0.03888888888888889
0 0.6578125 0.6361111111111111 0.0125 0.044444444444444446
0 0.6359375 0.6375 0.025 0.058333333333333334
0 0.590625 0.6388888888888888 0.025 0.04722222222222222
0 0.50078125 0.6083333333333333 0.025 0.06944444444444445
0 0.46796875 0.5986111111111111 0.0203125 0.06388888888888888
0 0.43515625 0.5958333333333333 0.0234375 0.06388888888888888
0 0.38046875 0.5847222222222223 0.015625 0.06666666666666667
0 0.34765625 0.5819444444444445 0.015625 0.06666666666666667
0 0.30390625 0.5888888888888889 0.0171875 0.03333333333333333
0 0.24296875 0.5527777777777778 0.021875 0.05277777777777778
0 0.21015625 0.5444444444444444 0.015625 0.05277777777777778
0 0.17890625 0.5430555555555555 0.0125 0.06111111111111111
0 0.15234375 0.5361111111111111 0.0078125 0.058333333333333334
0 0.1640625 0.5333333333333333 0.0203125 0.05555555555555555