0 0.9 0.7375 0.01875 0.05277777777777778
0 0.8734375 0.7263888888888889 0.0359375 0.05277777777777778
0 0.8453125 0.7208333333333333 0.0234375 0.05
0 0.79765625 0.7027777777777777 0.0171875 0.058333333333333334
0 0.77890625 0.7013888888888888 0.01875 0.05277777777777778
0 0.76015625 0.6972222222222222 0.0171875 0.05
0 0.73203125 0.6888888888888889 0.0125 0.05
0 0.71015625 0.6833333333333333 0.0265625 0.04722222222222222
0 0.68125 0.675 0.015625 0.04722222222222222
0 0.659375 0.6680555555555555 0.0109375 0.03611111111111111
0 0.621875 0.6527777777777778 0.015625 0.030555555555555555
0 0.60390625 0.6486111111111111 0.0203125 0.03888888888888889
0 0.57890625 0.6458333333333334 0.01875 0.03888888888888889
0 0.55703125 0.6444444444444445 0.021875 0.05
0 0.52734375 0.6305555555555555 0.009375 0.05555555555555555
0 0.51484375 0.6319444444444444 0.0171875 0.04722222222222222
0 0.49296875 0.625 0.0171875 0.04722222222222222
0 0.453125 0.6152777777777778 0.0203125 0.04722222222222222
0 0.4328125 0.6111111111111112 0.0203125 0.05
0 0.31796875 0.5722222222222222 0.0109375 0.025
0 0.30390625 0.5680555555555555 0.015625 0.030555555555555555
0 0.28671875 0.5666666666666667 0.01875 0.041666666666666664
0 0.26171875 0.5638888888888889 0.015625 0.041666666666666664
0 0.24921875 0.5569444444444445 0.015625 0.041666666666666664
0 0.23125 0.5527777777777778 0.01875 0.044444444444444446
0 0.2140625 0.5486111111111112 0.0203125 0.041666666666666664
0 0.2015625 0.5444444444444444 0.015625 0.041666666666666664
0 0.178125 0.5388888888888889 0.0109375 0.03888888888888889
0 0.1890625 0.5402777777777777 0.0125 0.04722222222222222
0 0.1671875 0.5361111111111111 0.0140625 0.03888888888888889
0 0.15546875 0.5069444444444444 0.0109375 0.05
0 0.015625 0.48333333333333334 0.025 0.06388888888888888
0 0.0390625 0.4847222222222222 0.0171875 0.058333333333333334