0 0.90625 0.7 0.0171875 0.05
0 0.8796875 0.6916666666666667 0.034375 0.05
0 0.8515625 0.6888888888888889 0.021875 0.04722222222222222
0 0.803125 0.675 0.015625 0.058333333333333334
0 0.784375 0.675 0.0171875 0.05
0 0.765625 0.6722222222222223 0.015625 0.04722222222222222
0 0.7375 0.6666666666666666 0.0109375 0.05
0 0.715625 0.6638888888888889 0.025 0.044444444444444446
0 0.6859375 0.6583333333333333 0.0140625 0.04722222222222222
0 0.6640625 0.6527777777777778 0.009375 0.03611111111111111
0 0.6265625 0.6416666666666667 0.0140625 0.030555555555555555
0 0.6078125 0.6388888888888888 0.01875 0.03611111111111111
0 0.5828125 0.6388888888888888 0.0171875 0.03611111111111111
0 0.5609375 0.6388888888888888 0.0203125 0.04722222222222222
0 0.53125 0.6277777777777778 0.0078125 0.05555555555555555
0 0.51875 0.6305555555555555 0.015625 0.044444444444444446
0 0.496875 0.625 0.015625 0.044444444444444446
0 0.45625 0.6194444444444445 0.01875 0.044444444444444446
0 0.4359375 0.6166666666666667 0.01875 0.04722222222222222
0 0.3203125 0.5888888888888889 0.0109375 0.025
0 0.30625 0.5861111111111111 0.0140625 0.030555555555555555
0 0.2890625 0.5861111111111111 0.0171875 0.03888888888888889
0 0.2640625 0.5861111111111111 0.0140625 0.041666666666666664
0 0.2515625 0.5805555555555556 0.0140625 0.041666666666666664
0 0.2328125 0.5777777777777777 0.0171875 0.041666666666666664
0 0.215625 0.575 0.01875 0.03888888888888889
0 0.203125 0.5722222222222222 0.0140625 0.041666666666666664
0 0.1796875 0.5694444444444444 0.009375 0.03888888888888889
0 0.190625 0.5694444444444444 0.0109375 0.04722222222222222
0 0.16875 0.5666666666666667 0.0125 0.03888888888888889
0 0.15625 0.5388888888888889 0.009375 0.05
0 0.015625 0.5277777777777778 0.0234375 0.06111111111111111
0 0.0390625 0.5277777777777778 0.015625 0.058333333333333334