0 0.9078125 0.7027777777777777 0.015625 0.05
0 0.84375 0.6888888888888889 0.0140625 0.05
0 0.8671875 0.6916666666666667 0.01875 0.05
0 0.8046875 0.6805555555555556 0.0140625 0.04722222222222222
0 0.7859375 0.6777777777777778 0.0234375 0.04722222222222222
0 0.75625 0.6722222222222223 0.01875 0.05
0 0.7296875 0.6666666666666666 0.0171875 0.04722222222222222
0 0.7046875 0.6611111111111111 0.021875 0.04722222222222222
0 0.665625 0.65 0.009375 0.03611111111111111
0 0.64375 0.6472222222222223 0.0125 0.030555555555555555
0 0.6234375 0.6416666666666667 0.0125 0.030555555555555555
0 0.4234375 0.6138888888888889 0.0171875 0.041666666666666664
0 0.4015625 0.5944444444444444 0.021875 0.06666666666666667
0 0.384375 0.5972222222222222 0.0125 0.06111111111111111
0 0.3640625 0.6 0.015625 0.04722222222222222
0 0.3359375 0.5972222222222222 0.0171875 0.044444444444444446
0 0.321875 0.5944444444444444 0.0109375 0.03888888888888889
0 0.303125 0.5944444444444444 0.0171875 0.041666666666666664
0 0.2859375 0.5888888888888889 0.021875 0.03888888888888889
0 0.2546875 0.5861111111111111 0.0140625 0.03888888888888889
0 0.1984375 0.5694444444444444 0.0140625 0.03333333333333333
0 0.1734375 0.5694444444444444 0.0140625 0.041666666666666664
0 0.159375 0.5638888888888889 0.0171875 0.03611111111111111
0 0.115625 0.5555555555555556 0.0125 0.03611111111111111
0 0.090625 0.5527777777777778 0.0125 0.041666666666666664
0 0.0796875 0.5527777777777778 0.0140625 0.03611111111111111
0 0.06875 0.5472222222222223 0.0125 0.03611111111111111