0 0.98125 0.7638888888888888 0.01875 0.06666666666666667
0 0.9390625 0.7611111111111111 0.0421875 0.06111111111111111
0 0.89453125 0.7625 0.025 0.05
0 0.86875 0.7527777777777778 0.0359375 0.05277777777777778
0 0.77421875 0.7208333333333333 0.021875 0.05
0 0.79453125 0.7263888888888889 0.015625 0.04722222222222222
0 0.7546875 0.7125 0.0171875 0.05
0 0.73125 0.7055555555555556 0.0171875 0.05
0 0.70703125 0.6972222222222222 0.0265625 0.04722222222222222
0 0.67890625 0.6888888888888889 0.015625 0.05
0 0.6578125 0.6777777777777778 0.0125 0.03888888888888889
0 0.6359375 0.6694444444444444 0.015625 0.03888888888888889
0 0.60078125 0.6583333333333333 0.0203125 0.03611111111111111
0 0.57578125 0.6513888888888889 0.021875 0.041666666666666664
0 0.52421875 0.6375 0.009375 0.044444444444444446
0 0.5140625 0.6333333333333333 0.0203125 0.04722222222222222
0 0.490625 0.6263888888888889 0.01875 0.04722222222222222
0 0.45078125 0.6152777777777778 0.0203125 0.044444444444444446
0 0.42734375 0.6055555555555555 0.0171875 0.04722222222222222
0 0.340625 0.5555555555555556 0.015625 0.041666666666666664
0 0.3203125 0.5555555555555556 0.0140625 0.03888888888888889
0 0.29921875 0.5583333333333333 0.0140625 0.030555555555555555
0 0.28359375 0.5555555555555556 0.01875 0.03888888888888889
0 0.2625 0.55 0.01875 0.044444444444444446
0 0.2484375 0.5444444444444444 0.0140625 0.044444444444444446
0 0.23125 0.5388888888888889 0.0171875 0.044444444444444446
0 0.21484375 0.5305555555555556 0.0203125 0.044444444444444446
0 0.17421875 0.5194444444444445 0.01875 0.044444444444444446
0 0.11640625 0.49027777777777776 0.015625 0.03333333333333333