0 0.88984375 0.7861111111111111 0.0203125 0.05277777777777778
0 0.8640625 0.7722222222222223 0.0375 0.058333333333333334
0 0.8359375 0.7638888888888888 0.025 0.05277777777777778
0 0.7890625 0.7388888888888889 0.01875 0.06111111111111111
0 0.7703125 0.7347222222222223 0.0203125 0.05277777777777778
0 0.7515625 0.7291666666666666 0.01875 0.05
0 0.72421875 0.7166666666666667 0.0140625 0.05277777777777778
0 0.703125 0.7097222222222223 0.028125 0.05
0 0.6734375 0.6972222222222222 0.0171875 0.05
0 0.65234375 0.6875 0.0125 0.03888888888888889
0 0.615625 0.6680555555555555 0.015625 0.03333333333333333
0 0.59765625 0.6611111111111111 0.0203125 0.03888888888888889
0 0.57265625 0.6555555555555556 0.0203125 0.03888888888888889
0 0.55078125 0.6513888888888889 0.0234375 0.05
0 0.521875 0.6333333333333333 0.0109375 0.05555555555555555
0 0.509375 0.6333333333333333 0.01875 0.04722222222222222
0 0.48828125 0.6236111111111111 0.01875 0.04722222222222222
0 0.4484375 0.6097222222222223 0.021875 0.04722222222222222
0 0.428125 0.6013888888888889 0.021875 0.05
0 0.315625 0.5486111111111112 0.0125 0.027777777777777776
0 0.3015625 0.5430555555555555 0.015625 0.03333333333333333
0 0.284375 0.5402777777777777 0.0203125 0.041666666666666664
0 0.26015625 0.5347222222222222 0.0171875 0.044444444444444446
0 0.24765625 0.5263888888888889 0.0171875 0.044444444444444446
0 0.2296875 0.5194444444444445 0.0203125 0.044444444444444446
0 0.2125 0.5125 0.021875 0.041666666666666664
0 0.2 0.5069444444444444 0.0171875 0.044444444444444446
0 0.17734375 0.5 0.0125 0.041666666666666664
0 0.18828125 0.5013888888888889 0.0140625 0.05
0 0.16640625 0.49444444444444446 0.015625 0.041666666666666664
0 0.15625 0.4638888888888889 0.0125 0.05277777777777778
0 0.0171875 0.4222222222222222 0.028125 0.06666666666666667
0 0.040625 0.42777777777777776 0.01875 0.06111111111111111