0 0.91953125 0.6458333333333334 0.01875 0.044444444444444446
0 0.89453125 0.6458333333333334 0.0265625 0.05277777777777778
0 0.78359375 0.6208333333333333 0.0453125 0.075
0 0.82578125 0.6208333333333333 0.0328125 0.06111111111111111
0 0.7375 0.6125 0.0203125 0.06388888888888888
0 0.715625 0.6097222222222223 0.025 0.05277777777777778
0 0.6578125 0.6083333333333333 0.0265625 0.05555555555555555
0 0.615625 0.6083333333333333 0.0265625 0.05277777777777778
0 0.575 0.6055555555555555 0.0203125 0.05
0 0.52578125 0.6055555555555555 0.01875 0.06111111111111111
0 0.49296875 0.6013888888888889 0.0203125 0.04722222222222222
0 0.36953125 0.6111111111111112 0.025 0.05277777777777778
0 0.38359375 0.6041666666666666 0.021875 0.058333333333333334
0 0.40390625 0.5986111111111111 0.0140625 0.05
0 0.45234375 0.6083333333333333 0.0375 0.075
0 0.30078125 0.6138888888888889 0.0203125 0.03888888888888889
0 0.31328125 0.6125 0.0140625 0.03333333333333333
0 0.27265625 0.6125 0.01875 0.044444444444444446
0 0.184375 0.5916666666666667 0.0109375 0.06388888888888888
0 0.17265625 0.5819444444444445 0.0203125 0.05277777777777778
0 0.11640625 0.5916666666666667 0.0203125 0.06111111111111111
0 0.07890625 0.5916666666666667 0.021875 0.058333333333333334
0 0.09609375 0.5888888888888889 0.00625 0.04722222222222222
0 0.0359375 0.5777777777777777 0.0140625 0.05