0 0.90625 0.7 0.0109375 0.044444444444444446
0 0.8421875 0.6888888888888889 0.01875 0.05
0 0.8046875 0.6805555555555556 0.0140625 0.044444444444444446
0 0.7890625 0.6777777777777778 0.015625 0.04722222222222222
0 0.7578125 0.6722222222222223 0.0203125 0.04722222222222222
0 0.7296875 0.6666666666666666 0.0171875 0.04722222222222222
0 0.7046875 0.6638888888888889 0.021875 0.04722222222222222
0 0.64375 0.6472222222222223 0.0125 0.03333333333333333
0 0.6234375 0.6416666666666667 0.015625 0.03333333333333333
0 0.596875 0.6416666666666667 0.01875 0.03333333333333333
0 0.5765625 0.6388888888888888 0.0109375 0.03888888888888889
0 0.5171875 0.6333333333333333 0.01875 0.044444444444444446
0 0.5 0.6305555555555555 0.0140625 0.03888888888888889
0 0.4578125 0.6222222222222222 0.015625 0.041666666666666664
0 0.484375 0.6194444444444445 0.0125 0.03333333333333333
0 0.440625 0.6166666666666667 0.015625 0.044444444444444446
0 0.425 0.6166666666666667 0.015625 0.041666666666666664
0 0.3828125 0.6055555555555555 0.0109375 0.041666666666666664
0 0.3625 0.6027777777777777 0.015625 0.041666666666666664
0 0.3359375 0.5916666666666667 0.0171875 0.05555555555555555
0 0.321875 0.5861111111111111 0.0109375 0.05
0 0.303125 0.5944444444444444 0.0171875 0.041666666666666664
0 0.2859375 0.5888888888888889 0.0203125 0.03888888888888889
0 0.253125 0.5833333333333334 0.015625 0.03888888888888889
0 0.234375 0.575 0.015625 0.030555555555555555
0 0.1984375 0.5694444444444444 0.0140625 0.03333333333333333
0 0.1734375 0.5694444444444444 0.0140625 0.041666666666666664
0 0.159375 0.5638888888888889 0.0140625 0.03611111111111111
0 0.115625 0.5555555555555556 0.0140625 0.03888888888888889
0 0.090625 0.5527777777777778 0.0109375 0.041666666666666664
0 0.0796875 0.55 0.0140625 0.03888888888888889
0 0.0671875 0.5472222222222223 0.0109375 0.03611111111111111
0 0.05 0.5361111111111111 0.0140625 0.022222222222222223