0 0.9921875 0.6888888888888889 0.015625 0.06388888888888888
0 0.95 0.6916666666666667 0.0390625 0.05555555555555555
0 0.90625 0.7 0.0234375 0.04722222222222222
0 0.8796875 0.6944444444444444 0.034375 0.04722222222222222
0 0.784375 0.6777777777777778 0.0203125 0.04722222222222222
0 0.8046875 0.6805555555555556 0.0140625 0.044444444444444446
0 0.7640625 0.6722222222222223 0.015625 0.04722222222222222
0 0.740625 0.6694444444444444 0.015625 0.04722222222222222
0 0.715625 0.6638888888888889 0.025 0.044444444444444446
0 0.6875 0.6611111111111111 0.0140625 0.04722222222222222
0 0.665625 0.6527777777777778 0.0109375 0.03611111111111111
0 0.64375 0.6472222222222223 0.0140625 0.03611111111111111
0 0.6078125 0.6416666666666667 0.01875 0.03333333333333333
0 0.5828125 0.6388888888888888 0.0203125 0.03888888888888889
0 0.53125 0.6333333333333333 0.0078125 0.044444444444444446
0 0.5203125 0.6305555555555555 0.01875 0.044444444444444446
0 0.496875 0.6277777777777778 0.0171875 0.044444444444444446
0 0.45625 0.6222222222222222 0.01875 0.041666666666666664
0 0.4328125 0.6166666666666667 0.015625 0.044444444444444446
0 0.34375 0.5805555555555556 0.0140625 0.03888888888888889
0 0.3234375 0.5833333333333334 0.0125 0.03611111111111111
0 0.303125 0.5888888888888889 0.0125 0.027777777777777776
0 0.2875 0.5888888888888889 0.0171875 0.03611111111111111
0 0.265625 0.5861111111111111 0.0171875 0.041666666666666664
0 0.2515625 0.5833333333333334 0.0125 0.041666666666666664
0 0.234375 0.5805555555555556 0.015625 0.041666666666666664
0 0.2171875 0.575 0.01875 0.041666666666666664
0 0.1765625 0.5694444444444444 0.0171875 0.041666666666666664
0 0.1171875 0.55 0.0140625 0.030555555555555555