0 0.9015625 0.7402777777777778 0.0171875 0.05
0 0.8375 0.7208333333333333 0.015625 0.05
0 0.8609375 0.725 0.0203125 0.05277777777777778
0 0.79921875 0.7083333333333334 0.015625 0.04722222222222222
0 0.78046875 0.7041666666666667 0.025 0.05
0 0.75078125 0.6958333333333333 0.0203125 0.05277777777777778
0 0.72421875 0.6875 0.01875 0.05
0 0.7 0.6805555555555556 0.0234375 0.05
0 0.6609375 0.6652777777777777 0.0109375 0.03611111111111111
0 0.6390625 0.6597222222222222 0.0140625 0.030555555555555555
0 0.61875 0.6527777777777778 0.0140625 0.030555555555555555
0 0.4203125 0.6069444444444444 0.01875 0.044444444444444446
0 0.39921875 0.5847222222222223 0.0234375 0.06944444444444445
0 0.38203125 0.5861111111111111 0.0140625 0.06111111111111111
0 0.3609375 0.5875 0.0171875 0.05
0 0.33359375 0.5819444444444445 0.01875 0.04722222222222222
0 0.31953125 0.5777777777777777 0.0125 0.03888888888888889
0 0.30078125 0.5763888888888888 0.01875 0.044444444444444446
0 0.28359375 0.5694444444444444 0.0234375 0.041666666666666664
0 0.25234375 0.5625 0.015625 0.03888888888888889
0 0.196875 0.5416666666666666 0.015625 0.03333333333333333
0 0.171875 0.5388888888888889 0.015625 0.041666666666666664
0 0.1578125 0.5319444444444444 0.01875 0.03888888888888889
0 0.11484375 0.5194444444444445 0.0140625 0.03611111111111111
0 0.08984375 0.5152777777777777 0.0140625 0.041666666666666664
0 0.07890625 0.5138888888888888 0.015625 0.03611111111111111
0 0.06796875 0.5069444444444444 0.0140625 0.03611111111111111